%YAML:1.0
cameraMatrix: !!opencv-matrix
   rows: 3
   cols: 3
   dt: d
   data: [ 1.0758647823418564e+03, 0., 9.4638007752331293e+02, 0.,
       1.0737372723602650e+03, 5.3126170969925056e+02, 0., 0., 1. ]
distortionCoefficients: !!opencv-matrix
   rows: 1
   cols: 5
   dt: d
   data: [ 9.1777275293044108e-02, -1.8005385580877828e-01,
       -1.7062486306372057e-03, -1.9808433945096154e-03,
       1.0133888570329634e-01 ]
rotation: !!opencv-matrix
   rows: 3
   cols: 3
   dt: d
   data: [ 1., 0., 0., 0., 1., 0., 0., 0., 1. ]
projection: !!opencv-matrix
   rows: 4
   cols: 4
   dt: d
   data: [ 1.0758647823418564e+03, 0., 9.4638007752331293e+02, 0., 0.,
       1.0737372723602650e+03, 5.3126170969925056e+02, 0., 0., 0., 1.,
       0., 0., 0., 0., 1. ]
