%YAML:1.0
cameraMatrix: !!opencv-matrix
   rows: 3
   cols: 3
   dt: d
   data: [ 3.6486128659421718e+02, 0., 2.5655078548279090e+02, 0.,
       3.6477652305954291e+02, 2.0321336149016400e+02, 0., 0., 1. ]
distortionCoefficients: !!opencv-matrix
   rows: 1
   cols: 5
   dt: d
   data: [ 1.4583873936218730e-01, -4.8824010527561679e-01,
       -3.6185320384597959e-03, 9.4769751228950170e-07,
       4.0404598344639397e-01 ]
rotation: !!opencv-matrix
   rows: 3
   cols: 3
   dt: d
   data: [ 1., 0., 0., 0., 1., 0., 0., 0., 1. ]
projection: !!opencv-matrix
   rows: 4
   cols: 4
   dt: d
   data: [ 3.6486128659421718e+02, 0., 2.5655078548279090e+02, 0., 0.,
       3.6477652305954291e+02, 2.0321336149016400e+02, 0., 0., 0., 1.,
       0., 0., 0., 0., 1. ]
