%YAML:1.0
rotation: !!opencv-matrix
   rows: 3
   cols: 3
   dt: d
   data: [ 9.9999119081546517e-01, 1.9011822901325289e-03,
       3.7421647969556556e-03, -1.8940910346324717e-03,
       9.9999640577256055e-01, -1.8975935056878795e-03,
       -3.7457590179311617e-03, 1.8904887886444489e-03,
       9.9999119763201894e-01 ]
translation: !!opencv-matrix
   rows: 3
   cols: 1
   dt: d
   data: [ -5.6051383972428905e-02, 2.1573180169443047e-04,
       -1.2129206198025319e-03 ]
essential: !!opencv-matrix
   rows: 3
   cols: 3
   dt: d
   data: [ -3.1054614133402864e-06, 1.2133240988424156e-03,
       2.1342827245267453e-04, -1.4228649119432137e-03,
       1.0365852978617684e-04, 5.6046351638676405e-02,
       -1.0956347741225950e-04, -5.6051592656487410e-02,
       1.0555543825701407e-04 ]
fundamental: !!opencv-matrix
   rows: 3
   cols: 3
   dt: d
   data: [ -2.1876162791080126e-09, 8.5491460910367886e-07,
       -1.1831276015074612e-04, -1.0043112820799808e-06,
       7.3183069714620270e-08, 1.4676555854794214e-02,
       4.5258604599820003e-04, -4.3338426316356697e-02, 1. ]
