%YAML:1.0
depthShift: -8.6590612715517778e+00
